{
 "cells": [
  {
   "cell_type": "markdown",
   "metadata": {},
   "source": [
    "# 공공데이터 포털 "
   ]
  },
  {
   "cell_type": "code",
   "execution_count": 33,
   "metadata": {},
   "outputs": [],
   "source": [
    "import pandas as pd"
   ]
  },
  {
   "cell_type": "code",
   "execution_count": 34,
   "metadata": {},
   "outputs": [],
   "source": [
    "df = pd.read_csv('CARD_SPENDING_NIA.txt',sep='\\t')\n",
    "df = df.sort_values('STD_MM')\n",
    "df = df.reset_index()\n",
    "df_1 = df.drop(columns = ['index'])"
   ]
  },
  {
   "cell_type": "code",
   "execution_count": 137,
   "metadata": {
    "scrolled": true
   },
   "outputs": [
    {
     "data": {
      "text/plain": [
       "196969.22830140588"
      ]
     },
     "execution_count": 137,
     "metadata": {},
     "output_type": "execute_result"
    }
   ],
   "source": [
    "sum(df_1.USE_AMT.value_counts().index)/len(df_1.USE_AMT.value_counts().index)"
   ]
  },
  {
   "cell_type": "code",
   "execution_count": 39,
   "metadata": {},
   "outputs": [],
   "source": [
    "df = []\n",
    "i = df_1.MCT_CAT_CD.value_counts()\n",
    "g= i.index\n",
    "for j in g:\n",
    "    df.append(df_1.loc[df_1['MCT_CAT_CD']==j,:])"
   ]
  },
  {
   "cell_type": "code",
   "execution_count": 46,
   "metadata": {},
   "outputs": [],
   "source": [
    "def date_sum_speding(df):\n",
    "    for i in range(len(df)):\n",
    "        label = []\n",
    "        label.append(df[i]['MCT_CAT_CD'].iloc[0])\n",
    "\n",
    "        df[i] = df[i].groupby(df[i].STD_MM).sum()\n",
    "        df[i]=df[i].sort_values('STD_MM')\n",
    "        df[i]=df[i][['USE_AMT']]\n",
    "        df[i] = df[i].rename(columns = {\"USE_AMT\":label[0]})\n",
    "\n",
    "    #     print(label[0])\n",
    "    for i in range(1,len(df)):\n",
    "        df[0] = df[0].merge(df[i],how='outer',on='STD_MM')\n",
    "    return df[0]"
   ]
  },
  {
   "cell_type": "code",
   "execution_count": 47,
   "metadata": {},
   "outputs": [],
   "source": [
    "df_3 = date_sum_speding(df)"
   ]
  },
  {
   "cell_type": "code",
   "execution_count": 49,
   "metadata": {
    "collapsed": true
   },
   "outputs": [
    {
     "data": {
      "text/html": [
       "<div>\n",
       "<style scoped>\n",
       "    .dataframe tbody tr th:only-of-type {\n",
       "        vertical-align: middle;\n",
       "    }\n",
       "\n",
       "    .dataframe tbody tr th {\n",
       "        vertical-align: top;\n",
       "    }\n",
       "\n",
       "    .dataframe thead th {\n",
       "        text-align: right;\n",
       "    }\n",
       "</style>\n",
       "<table border=\"1\" class=\"dataframe\">\n",
       "  <thead>\n",
       "    <tr style=\"text-align: right;\">\n",
       "      <th></th>\n",
       "      <th>40</th>\n",
       "      <th>80</th>\n",
       "      <th>81</th>\n",
       "      <th>70</th>\n",
       "      <th>71</th>\n",
       "      <th>92</th>\n",
       "      <th>42</th>\n",
       "      <th>50</th>\n",
       "      <th>62</th>\n",
       "      <th>22</th>\n",
       "      <th>...</th>\n",
       "      <th>44</th>\n",
       "      <th>21</th>\n",
       "      <th>52</th>\n",
       "      <th>34</th>\n",
       "      <th>35</th>\n",
       "      <th>43</th>\n",
       "      <th>32</th>\n",
       "      <th>30</th>\n",
       "      <th>60</th>\n",
       "      <th>31</th>\n",
       "    </tr>\n",
       "  </thead>\n",
       "  <tbody>\n",
       "    <tr>\n",
       "      <th>40</th>\n",
       "      <td>1.000000</td>\n",
       "      <td>0.816622</td>\n",
       "      <td>0.648190</td>\n",
       "      <td>0.467930</td>\n",
       "      <td>0.191868</td>\n",
       "      <td>0.480727</td>\n",
       "      <td>0.574378</td>\n",
       "      <td>0.247520</td>\n",
       "      <td>0.700143</td>\n",
       "      <td>0.325746</td>\n",
       "      <td>...</td>\n",
       "      <td>0.801420</td>\n",
       "      <td>0.534197</td>\n",
       "      <td>0.334600</td>\n",
       "      <td>0.321845</td>\n",
       "      <td>0.183060</td>\n",
       "      <td>0.536940</td>\n",
       "      <td>0.464636</td>\n",
       "      <td>0.378051</td>\n",
       "      <td>0.063067</td>\n",
       "      <td>0.293095</td>\n",
       "    </tr>\n",
       "    <tr>\n",
       "      <th>80</th>\n",
       "      <td>0.816622</td>\n",
       "      <td>1.000000</td>\n",
       "      <td>0.382773</td>\n",
       "      <td>0.720390</td>\n",
       "      <td>0.354081</td>\n",
       "      <td>0.565200</td>\n",
       "      <td>0.418367</td>\n",
       "      <td>0.374083</td>\n",
       "      <td>0.826480</td>\n",
       "      <td>0.511049</td>\n",
       "      <td>...</td>\n",
       "      <td>0.861080</td>\n",
       "      <td>0.593929</td>\n",
       "      <td>0.402256</td>\n",
       "      <td>0.527317</td>\n",
       "      <td>0.333600</td>\n",
       "      <td>0.528268</td>\n",
       "      <td>0.492521</td>\n",
       "      <td>0.547218</td>\n",
       "      <td>0.311640</td>\n",
       "      <td>0.431093</td>\n",
       "    </tr>\n",
       "    <tr>\n",
       "      <th>81</th>\n",
       "      <td>0.648190</td>\n",
       "      <td>0.382773</td>\n",
       "      <td>1.000000</td>\n",
       "      <td>0.306189</td>\n",
       "      <td>-0.307822</td>\n",
       "      <td>-0.089735</td>\n",
       "      <td>0.085677</td>\n",
       "      <td>0.181113</td>\n",
       "      <td>0.373088</td>\n",
       "      <td>0.080948</td>\n",
       "      <td>...</td>\n",
       "      <td>0.409635</td>\n",
       "      <td>0.585331</td>\n",
       "      <td>0.080656</td>\n",
       "      <td>0.201328</td>\n",
       "      <td>-0.279266</td>\n",
       "      <td>0.046161</td>\n",
       "      <td>0.499958</td>\n",
       "      <td>0.190405</td>\n",
       "      <td>-0.102378</td>\n",
       "      <td>0.083069</td>\n",
       "    </tr>\n",
       "    <tr>\n",
       "      <th>70</th>\n",
       "      <td>0.467930</td>\n",
       "      <td>0.720390</td>\n",
       "      <td>0.306189</td>\n",
       "      <td>1.000000</td>\n",
       "      <td>0.140097</td>\n",
       "      <td>0.358362</td>\n",
       "      <td>0.085852</td>\n",
       "      <td>0.340833</td>\n",
       "      <td>0.813980</td>\n",
       "      <td>0.224126</td>\n",
       "      <td>...</td>\n",
       "      <td>0.557080</td>\n",
       "      <td>0.697209</td>\n",
       "      <td>0.319428</td>\n",
       "      <td>0.488272</td>\n",
       "      <td>0.187927</td>\n",
       "      <td>0.222903</td>\n",
       "      <td>0.508535</td>\n",
       "      <td>0.476713</td>\n",
       "      <td>0.306703</td>\n",
       "      <td>0.577896</td>\n",
       "    </tr>\n",
       "    <tr>\n",
       "      <th>71</th>\n",
       "      <td>0.191868</td>\n",
       "      <td>0.354081</td>\n",
       "      <td>-0.307822</td>\n",
       "      <td>0.140097</td>\n",
       "      <td>1.000000</td>\n",
       "      <td>0.511742</td>\n",
       "      <td>0.218435</td>\n",
       "      <td>0.496836</td>\n",
       "      <td>0.087899</td>\n",
       "      <td>0.222517</td>\n",
       "      <td>...</td>\n",
       "      <td>0.218320</td>\n",
       "      <td>-0.264616</td>\n",
       "      <td>0.459670</td>\n",
       "      <td>0.157351</td>\n",
       "      <td>0.275001</td>\n",
       "      <td>0.336089</td>\n",
       "      <td>-0.254159</td>\n",
       "      <td>0.256566</td>\n",
       "      <td>0.053049</td>\n",
       "      <td>-0.080899</td>\n",
       "    </tr>\n",
       "    <tr>\n",
       "      <th>92</th>\n",
       "      <td>0.480727</td>\n",
       "      <td>0.565200</td>\n",
       "      <td>-0.089735</td>\n",
       "      <td>0.358362</td>\n",
       "      <td>0.511742</td>\n",
       "      <td>1.000000</td>\n",
       "      <td>0.755225</td>\n",
       "      <td>0.110152</td>\n",
       "      <td>0.334160</td>\n",
       "      <td>0.418004</td>\n",
       "      <td>...</td>\n",
       "      <td>0.637891</td>\n",
       "      <td>0.152578</td>\n",
       "      <td>0.035576</td>\n",
       "      <td>0.196795</td>\n",
       "      <td>0.144244</td>\n",
       "      <td>0.871527</td>\n",
       "      <td>0.236106</td>\n",
       "      <td>0.445470</td>\n",
       "      <td>0.198945</td>\n",
       "      <td>0.092470</td>\n",
       "    </tr>\n",
       "    <tr>\n",
       "      <th>42</th>\n",
       "      <td>0.574378</td>\n",
       "      <td>0.418367</td>\n",
       "      <td>0.085677</td>\n",
       "      <td>0.085852</td>\n",
       "      <td>0.218435</td>\n",
       "      <td>0.755225</td>\n",
       "      <td>1.000000</td>\n",
       "      <td>-0.227594</td>\n",
       "      <td>0.253335</td>\n",
       "      <td>0.208057</td>\n",
       "      <td>...</td>\n",
       "      <td>0.630899</td>\n",
       "      <td>-0.022939</td>\n",
       "      <td>0.017596</td>\n",
       "      <td>0.233568</td>\n",
       "      <td>-0.011820</td>\n",
       "      <td>0.847291</td>\n",
       "      <td>0.310080</td>\n",
       "      <td>0.089792</td>\n",
       "      <td>-0.020687</td>\n",
       "      <td>-0.006100</td>\n",
       "    </tr>\n",
       "    <tr>\n",
       "      <th>50</th>\n",
       "      <td>0.247520</td>\n",
       "      <td>0.374083</td>\n",
       "      <td>0.181113</td>\n",
       "      <td>0.340833</td>\n",
       "      <td>0.496836</td>\n",
       "      <td>0.110152</td>\n",
       "      <td>-0.227594</td>\n",
       "      <td>1.000000</td>\n",
       "      <td>0.201551</td>\n",
       "      <td>0.078934</td>\n",
       "      <td>...</td>\n",
       "      <td>0.259823</td>\n",
       "      <td>0.144595</td>\n",
       "      <td>0.351161</td>\n",
       "      <td>0.374149</td>\n",
       "      <td>0.057270</td>\n",
       "      <td>0.146112</td>\n",
       "      <td>0.080816</td>\n",
       "      <td>0.505556</td>\n",
       "      <td>0.344673</td>\n",
       "      <td>-0.112828</td>\n",
       "    </tr>\n",
       "    <tr>\n",
       "      <th>62</th>\n",
       "      <td>0.700143</td>\n",
       "      <td>0.826480</td>\n",
       "      <td>0.373088</td>\n",
       "      <td>0.813980</td>\n",
       "      <td>0.087899</td>\n",
       "      <td>0.334160</td>\n",
       "      <td>0.253335</td>\n",
       "      <td>0.201551</td>\n",
       "      <td>1.000000</td>\n",
       "      <td>0.295129</td>\n",
       "      <td>...</td>\n",
       "      <td>0.715205</td>\n",
       "      <td>0.676364</td>\n",
       "      <td>0.351737</td>\n",
       "      <td>0.440533</td>\n",
       "      <td>0.457376</td>\n",
       "      <td>0.294967</td>\n",
       "      <td>0.643154</td>\n",
       "      <td>0.359639</td>\n",
       "      <td>0.432074</td>\n",
       "      <td>0.630583</td>\n",
       "    </tr>\n",
       "    <tr>\n",
       "      <th>22</th>\n",
       "      <td>0.325746</td>\n",
       "      <td>0.511049</td>\n",
       "      <td>0.080948</td>\n",
       "      <td>0.224126</td>\n",
       "      <td>0.222517</td>\n",
       "      <td>0.418004</td>\n",
       "      <td>0.208057</td>\n",
       "      <td>0.078934</td>\n",
       "      <td>0.295129</td>\n",
       "      <td>1.000000</td>\n",
       "      <td>...</td>\n",
       "      <td>0.304641</td>\n",
       "      <td>0.196302</td>\n",
       "      <td>0.076860</td>\n",
       "      <td>0.145637</td>\n",
       "      <td>0.256544</td>\n",
       "      <td>0.311528</td>\n",
       "      <td>0.128211</td>\n",
       "      <td>0.259642</td>\n",
       "      <td>0.110254</td>\n",
       "      <td>0.389245</td>\n",
       "    </tr>\n",
       "    <tr>\n",
       "      <th>33</th>\n",
       "      <td>0.655093</td>\n",
       "      <td>0.618814</td>\n",
       "      <td>0.513557</td>\n",
       "      <td>0.685416</td>\n",
       "      <td>-0.200217</td>\n",
       "      <td>0.158050</td>\n",
       "      <td>0.114679</td>\n",
       "      <td>0.164587</td>\n",
       "      <td>0.789347</td>\n",
       "      <td>0.099893</td>\n",
       "      <td>...</td>\n",
       "      <td>0.578996</td>\n",
       "      <td>0.832615</td>\n",
       "      <td>0.000916</td>\n",
       "      <td>0.138386</td>\n",
       "      <td>0.308210</td>\n",
       "      <td>0.137118</td>\n",
       "      <td>0.435647</td>\n",
       "      <td>0.456450</td>\n",
       "      <td>0.183406</td>\n",
       "      <td>0.602738</td>\n",
       "    </tr>\n",
       "    <tr>\n",
       "      <th>44</th>\n",
       "      <td>0.801420</td>\n",
       "      <td>0.861080</td>\n",
       "      <td>0.409635</td>\n",
       "      <td>0.557080</td>\n",
       "      <td>0.218320</td>\n",
       "      <td>0.637891</td>\n",
       "      <td>0.630899</td>\n",
       "      <td>0.259823</td>\n",
       "      <td>0.715205</td>\n",
       "      <td>0.304641</td>\n",
       "      <td>...</td>\n",
       "      <td>1.000000</td>\n",
       "      <td>0.555451</td>\n",
       "      <td>0.220236</td>\n",
       "      <td>0.524216</td>\n",
       "      <td>0.206853</td>\n",
       "      <td>0.718148</td>\n",
       "      <td>0.618013</td>\n",
       "      <td>0.577660</td>\n",
       "      <td>0.363093</td>\n",
       "      <td>0.249464</td>\n",
       "    </tr>\n",
       "    <tr>\n",
       "      <th>21</th>\n",
       "      <td>0.534197</td>\n",
       "      <td>0.593929</td>\n",
       "      <td>0.585331</td>\n",
       "      <td>0.697209</td>\n",
       "      <td>-0.264616</td>\n",
       "      <td>0.152578</td>\n",
       "      <td>-0.022939</td>\n",
       "      <td>0.144595</td>\n",
       "      <td>0.676364</td>\n",
       "      <td>0.196302</td>\n",
       "      <td>...</td>\n",
       "      <td>0.555451</td>\n",
       "      <td>1.000000</td>\n",
       "      <td>-0.010622</td>\n",
       "      <td>0.165113</td>\n",
       "      <td>0.240620</td>\n",
       "      <td>0.044280</td>\n",
       "      <td>0.426499</td>\n",
       "      <td>0.613740</td>\n",
       "      <td>0.198378</td>\n",
       "      <td>0.577266</td>\n",
       "    </tr>\n",
       "    <tr>\n",
       "      <th>52</th>\n",
       "      <td>0.334600</td>\n",
       "      <td>0.402256</td>\n",
       "      <td>0.080656</td>\n",
       "      <td>0.319428</td>\n",
       "      <td>0.459670</td>\n",
       "      <td>0.035576</td>\n",
       "      <td>0.017596</td>\n",
       "      <td>0.351161</td>\n",
       "      <td>0.351737</td>\n",
       "      <td>0.076860</td>\n",
       "      <td>...</td>\n",
       "      <td>0.220236</td>\n",
       "      <td>-0.010622</td>\n",
       "      <td>1.000000</td>\n",
       "      <td>0.595666</td>\n",
       "      <td>0.005222</td>\n",
       "      <td>-0.000573</td>\n",
       "      <td>0.019140</td>\n",
       "      <td>0.077077</td>\n",
       "      <td>-0.044492</td>\n",
       "      <td>0.047213</td>\n",
       "    </tr>\n",
       "    <tr>\n",
       "      <th>34</th>\n",
       "      <td>0.321845</td>\n",
       "      <td>0.527317</td>\n",
       "      <td>0.201328</td>\n",
       "      <td>0.488272</td>\n",
       "      <td>0.157351</td>\n",
       "      <td>0.196795</td>\n",
       "      <td>0.233568</td>\n",
       "      <td>0.374149</td>\n",
       "      <td>0.440533</td>\n",
       "      <td>0.145637</td>\n",
       "      <td>...</td>\n",
       "      <td>0.524216</td>\n",
       "      <td>0.165113</td>\n",
       "      <td>0.595666</td>\n",
       "      <td>1.000000</td>\n",
       "      <td>-0.263973</td>\n",
       "      <td>0.327850</td>\n",
       "      <td>0.439229</td>\n",
       "      <td>0.292283</td>\n",
       "      <td>0.249529</td>\n",
       "      <td>-0.003904</td>\n",
       "    </tr>\n",
       "    <tr>\n",
       "      <th>35</th>\n",
       "      <td>0.183060</td>\n",
       "      <td>0.333600</td>\n",
       "      <td>-0.279266</td>\n",
       "      <td>0.187927</td>\n",
       "      <td>0.275001</td>\n",
       "      <td>0.144244</td>\n",
       "      <td>-0.011820</td>\n",
       "      <td>0.057270</td>\n",
       "      <td>0.457376</td>\n",
       "      <td>0.256544</td>\n",
       "      <td>...</td>\n",
       "      <td>0.206853</td>\n",
       "      <td>0.240620</td>\n",
       "      <td>0.005222</td>\n",
       "      <td>-0.263973</td>\n",
       "      <td>1.000000</td>\n",
       "      <td>-0.005102</td>\n",
       "      <td>0.004443</td>\n",
       "      <td>0.182667</td>\n",
       "      <td>0.404958</td>\n",
       "      <td>0.578863</td>\n",
       "    </tr>\n",
       "    <tr>\n",
       "      <th>43</th>\n",
       "      <td>0.536940</td>\n",
       "      <td>0.528268</td>\n",
       "      <td>0.046161</td>\n",
       "      <td>0.222903</td>\n",
       "      <td>0.336089</td>\n",
       "      <td>0.871527</td>\n",
       "      <td>0.847291</td>\n",
       "      <td>0.146112</td>\n",
       "      <td>0.294967</td>\n",
       "      <td>0.311528</td>\n",
       "      <td>...</td>\n",
       "      <td>0.718148</td>\n",
       "      <td>0.044280</td>\n",
       "      <td>-0.000573</td>\n",
       "      <td>0.327850</td>\n",
       "      <td>-0.005102</td>\n",
       "      <td>1.000000</td>\n",
       "      <td>0.408278</td>\n",
       "      <td>0.340113</td>\n",
       "      <td>0.260692</td>\n",
       "      <td>-0.112353</td>\n",
       "    </tr>\n",
       "    <tr>\n",
       "      <th>32</th>\n",
       "      <td>0.464636</td>\n",
       "      <td>0.492521</td>\n",
       "      <td>0.499958</td>\n",
       "      <td>0.508535</td>\n",
       "      <td>-0.254159</td>\n",
       "      <td>0.236106</td>\n",
       "      <td>0.310080</td>\n",
       "      <td>0.080816</td>\n",
       "      <td>0.643154</td>\n",
       "      <td>0.128211</td>\n",
       "      <td>...</td>\n",
       "      <td>0.618013</td>\n",
       "      <td>0.426499</td>\n",
       "      <td>0.019140</td>\n",
       "      <td>0.439229</td>\n",
       "      <td>0.004443</td>\n",
       "      <td>0.408278</td>\n",
       "      <td>1.000000</td>\n",
       "      <td>0.130779</td>\n",
       "      <td>0.483229</td>\n",
       "      <td>0.174457</td>\n",
       "    </tr>\n",
       "    <tr>\n",
       "      <th>30</th>\n",
       "      <td>0.378051</td>\n",
       "      <td>0.547218</td>\n",
       "      <td>0.190405</td>\n",
       "      <td>0.476713</td>\n",
       "      <td>0.256566</td>\n",
       "      <td>0.445470</td>\n",
       "      <td>0.089792</td>\n",
       "      <td>0.505556</td>\n",
       "      <td>0.359639</td>\n",
       "      <td>0.259642</td>\n",
       "      <td>...</td>\n",
       "      <td>0.577660</td>\n",
       "      <td>0.613740</td>\n",
       "      <td>0.077077</td>\n",
       "      <td>0.292283</td>\n",
       "      <td>0.182667</td>\n",
       "      <td>0.340113</td>\n",
       "      <td>0.130779</td>\n",
       "      <td>1.000000</td>\n",
       "      <td>0.191456</td>\n",
       "      <td>0.060223</td>\n",
       "    </tr>\n",
       "    <tr>\n",
       "      <th>60</th>\n",
       "      <td>0.063067</td>\n",
       "      <td>0.311640</td>\n",
       "      <td>-0.102378</td>\n",
       "      <td>0.306703</td>\n",
       "      <td>0.053049</td>\n",
       "      <td>0.198945</td>\n",
       "      <td>-0.020687</td>\n",
       "      <td>0.344673</td>\n",
       "      <td>0.432074</td>\n",
       "      <td>0.110254</td>\n",
       "      <td>...</td>\n",
       "      <td>0.363093</td>\n",
       "      <td>0.198378</td>\n",
       "      <td>-0.044492</td>\n",
       "      <td>0.249529</td>\n",
       "      <td>0.404958</td>\n",
       "      <td>0.260692</td>\n",
       "      <td>0.483229</td>\n",
       "      <td>0.191456</td>\n",
       "      <td>1.000000</td>\n",
       "      <td>0.242108</td>\n",
       "    </tr>\n",
       "    <tr>\n",
       "      <th>31</th>\n",
       "      <td>0.293095</td>\n",
       "      <td>0.431093</td>\n",
       "      <td>0.083069</td>\n",
       "      <td>0.577896</td>\n",
       "      <td>-0.080899</td>\n",
       "      <td>0.092470</td>\n",
       "      <td>-0.006100</td>\n",
       "      <td>-0.112828</td>\n",
       "      <td>0.630583</td>\n",
       "      <td>0.389245</td>\n",
       "      <td>...</td>\n",
       "      <td>0.249464</td>\n",
       "      <td>0.577266</td>\n",
       "      <td>0.047213</td>\n",
       "      <td>-0.003904</td>\n",
       "      <td>0.578863</td>\n",
       "      <td>-0.112353</td>\n",
       "      <td>0.174457</td>\n",
       "      <td>0.060223</td>\n",
       "      <td>0.242108</td>\n",
       "      <td>1.000000</td>\n",
       "    </tr>\n",
       "  </tbody>\n",
       "</table>\n",
       "<p>21 rows × 21 columns</p>\n",
       "</div>"
      ],
      "text/plain": [
       "          40        80        81        70        71        92        42  \\\n",
       "40  1.000000  0.816622  0.648190  0.467930  0.191868  0.480727  0.574378   \n",
       "80  0.816622  1.000000  0.382773  0.720390  0.354081  0.565200  0.418367   \n",
       "81  0.648190  0.382773  1.000000  0.306189 -0.307822 -0.089735  0.085677   \n",
       "70  0.467930  0.720390  0.306189  1.000000  0.140097  0.358362  0.085852   \n",
       "71  0.191868  0.354081 -0.307822  0.140097  1.000000  0.511742  0.218435   \n",
       "92  0.480727  0.565200 -0.089735  0.358362  0.511742  1.000000  0.755225   \n",
       "42  0.574378  0.418367  0.085677  0.085852  0.218435  0.755225  1.000000   \n",
       "50  0.247520  0.374083  0.181113  0.340833  0.496836  0.110152 -0.227594   \n",
       "62  0.700143  0.826480  0.373088  0.813980  0.087899  0.334160  0.253335   \n",
       "22  0.325746  0.511049  0.080948  0.224126  0.222517  0.418004  0.208057   \n",
       "33  0.655093  0.618814  0.513557  0.685416 -0.200217  0.158050  0.114679   \n",
       "44  0.801420  0.861080  0.409635  0.557080  0.218320  0.637891  0.630899   \n",
       "21  0.534197  0.593929  0.585331  0.697209 -0.264616  0.152578 -0.022939   \n",
       "52  0.334600  0.402256  0.080656  0.319428  0.459670  0.035576  0.017596   \n",
       "34  0.321845  0.527317  0.201328  0.488272  0.157351  0.196795  0.233568   \n",
       "35  0.183060  0.333600 -0.279266  0.187927  0.275001  0.144244 -0.011820   \n",
       "43  0.536940  0.528268  0.046161  0.222903  0.336089  0.871527  0.847291   \n",
       "32  0.464636  0.492521  0.499958  0.508535 -0.254159  0.236106  0.310080   \n",
       "30  0.378051  0.547218  0.190405  0.476713  0.256566  0.445470  0.089792   \n",
       "60  0.063067  0.311640 -0.102378  0.306703  0.053049  0.198945 -0.020687   \n",
       "31  0.293095  0.431093  0.083069  0.577896 -0.080899  0.092470 -0.006100   \n",
       "\n",
       "          50        62        22  ...        44        21        52        34  \\\n",
       "40  0.247520  0.700143  0.325746  ...  0.801420  0.534197  0.334600  0.321845   \n",
       "80  0.374083  0.826480  0.511049  ...  0.861080  0.593929  0.402256  0.527317   \n",
       "81  0.181113  0.373088  0.080948  ...  0.409635  0.585331  0.080656  0.201328   \n",
       "70  0.340833  0.813980  0.224126  ...  0.557080  0.697209  0.319428  0.488272   \n",
       "71  0.496836  0.087899  0.222517  ...  0.218320 -0.264616  0.459670  0.157351   \n",
       "92  0.110152  0.334160  0.418004  ...  0.637891  0.152578  0.035576  0.196795   \n",
       "42 -0.227594  0.253335  0.208057  ...  0.630899 -0.022939  0.017596  0.233568   \n",
       "50  1.000000  0.201551  0.078934  ...  0.259823  0.144595  0.351161  0.374149   \n",
       "62  0.201551  1.000000  0.295129  ...  0.715205  0.676364  0.351737  0.440533   \n",
       "22  0.078934  0.295129  1.000000  ...  0.304641  0.196302  0.076860  0.145637   \n",
       "33  0.164587  0.789347  0.099893  ...  0.578996  0.832615  0.000916  0.138386   \n",
       "44  0.259823  0.715205  0.304641  ...  1.000000  0.555451  0.220236  0.524216   \n",
       "21  0.144595  0.676364  0.196302  ...  0.555451  1.000000 -0.010622  0.165113   \n",
       "52  0.351161  0.351737  0.076860  ...  0.220236 -0.010622  1.000000  0.595666   \n",
       "34  0.374149  0.440533  0.145637  ...  0.524216  0.165113  0.595666  1.000000   \n",
       "35  0.057270  0.457376  0.256544  ...  0.206853  0.240620  0.005222 -0.263973   \n",
       "43  0.146112  0.294967  0.311528  ...  0.718148  0.044280 -0.000573  0.327850   \n",
       "32  0.080816  0.643154  0.128211  ...  0.618013  0.426499  0.019140  0.439229   \n",
       "30  0.505556  0.359639  0.259642  ...  0.577660  0.613740  0.077077  0.292283   \n",
       "60  0.344673  0.432074  0.110254  ...  0.363093  0.198378 -0.044492  0.249529   \n",
       "31 -0.112828  0.630583  0.389245  ...  0.249464  0.577266  0.047213 -0.003904   \n",
       "\n",
       "          35        43        32        30        60        31  \n",
       "40  0.183060  0.536940  0.464636  0.378051  0.063067  0.293095  \n",
       "80  0.333600  0.528268  0.492521  0.547218  0.311640  0.431093  \n",
       "81 -0.279266  0.046161  0.499958  0.190405 -0.102378  0.083069  \n",
       "70  0.187927  0.222903  0.508535  0.476713  0.306703  0.577896  \n",
       "71  0.275001  0.336089 -0.254159  0.256566  0.053049 -0.080899  \n",
       "92  0.144244  0.871527  0.236106  0.445470  0.198945  0.092470  \n",
       "42 -0.011820  0.847291  0.310080  0.089792 -0.020687 -0.006100  \n",
       "50  0.057270  0.146112  0.080816  0.505556  0.344673 -0.112828  \n",
       "62  0.457376  0.294967  0.643154  0.359639  0.432074  0.630583  \n",
       "22  0.256544  0.311528  0.128211  0.259642  0.110254  0.389245  \n",
       "33  0.308210  0.137118  0.435647  0.456450  0.183406  0.602738  \n",
       "44  0.206853  0.718148  0.618013  0.577660  0.363093  0.249464  \n",
       "21  0.240620  0.044280  0.426499  0.613740  0.198378  0.577266  \n",
       "52  0.005222 -0.000573  0.019140  0.077077 -0.044492  0.047213  \n",
       "34 -0.263973  0.327850  0.439229  0.292283  0.249529 -0.003904  \n",
       "35  1.000000 -0.005102  0.004443  0.182667  0.404958  0.578863  \n",
       "43 -0.005102  1.000000  0.408278  0.340113  0.260692 -0.112353  \n",
       "32  0.004443  0.408278  1.000000  0.130779  0.483229  0.174457  \n",
       "30  0.182667  0.340113  0.130779  1.000000  0.191456  0.060223  \n",
       "60  0.404958  0.260692  0.483229  0.191456  1.000000  0.242108  \n",
       "31  0.578863 -0.112353  0.174457  0.060223  0.242108  1.000000  \n",
       "\n",
       "[21 rows x 21 columns]"
      ]
     },
     "execution_count": 49,
     "metadata": {},
     "output_type": "execute_result"
    }
   ],
   "source": [
    "df_3.corr()"
   ]
  },
  {
   "cell_type": "code",
   "execution_count": 259,
   "metadata": {},
   "outputs": [
    {
     "data": {
      "text/plain": [
       "<matplotlib.axes._subplots.AxesSubplot at 0x174b6b13400>"
      ]
     },
     "execution_count": 259,
     "metadata": {},
     "output_type": "execute_result"
    },
    {
     "data": {
